image: electric1.pgm
resolution: 0.020000
origin: [-41.611646, -29.124395, 0.000000]
negate: 0
occupied_thresh: 0.65
free_thresh: 0.196

