image: electric5.pgm
resolution: 0.020000
origin: [-7.156539, -45.660542, 0.000000]
negate: 0
occupied_thresh: 0.65
free_thresh: 0.196

